      0/99     1.12G   0.07524   0.02377   0.02646    0.1255         6       640    0.3439    0.4465    0.1966   0.07743   0.05463   0.01199   0.01903
      1/99    0.847G   0.05464    0.0162   0.02168   0.09252         9       640    0.5958    0.5352    0.4586    0.1969    0.0446   0.01055   0.01641
      2/99    0.847G   0.05086   0.01456   0.01852   0.08394         2       640    0.6573    0.5887    0.6155    0.2815   0.04395  0.009723   0.01026
      3/99    0.847G   0.04532   0.01372   0.01345   0.07248         7       640    0.6287    0.8239    0.7103    0.3899   0.03496  0.008798  0.006772
      4/99    0.847G   0.04074    0.0126   0.01055    0.0639         1       640    0.7223    0.7791    0.7681    0.4105   0.03396  0.008703  0.005482
      5/99    0.847G   0.03693   0.01226  0.008807     0.058         8       640    0.8052    0.8134     0.818    0.4772   0.03259  0.008291  0.004375
      6/99    0.847G   0.03703   0.01224  0.007705   0.05698         6       640    0.7704    0.8614     0.828    0.4913   0.03081  0.008186  0.003431
      7/99    0.847G   0.03486   0.01201  0.006779   0.05365         1       640    0.7997    0.8507    0.8284    0.4954    0.0312  0.008287  0.003092
      8/99    0.847G   0.03455   0.01174  0.006251   0.05253         8       640    0.7677    0.8824    0.8486    0.5323   0.02906  0.007876    0.0034
      9/99    0.847G   0.03344   0.01171  0.005846   0.05099         4       640     0.812    0.8578    0.8446    0.5173   0.02935  0.008008  0.002928
     10/99    0.847G   0.03394   0.01211  0.005774   0.05182         6       640    0.7992     0.849    0.8285    0.5124   0.02975  0.008021  0.002608
     11/99    0.847G   0.03258   0.01158  0.005353   0.04951         9       640    0.8231      0.87    0.8485    0.5151   0.02875  0.007949   0.00253
     12/99    0.847G    0.0328   0.01147  0.005217   0.04949         3       640    0.8136    0.8922    0.8588    0.5348   0.02813  0.007929  0.002436
     13/99    0.847G   0.03308   0.01163  0.005348   0.05006         8       640    0.8137    0.8632    0.8474    0.5268    0.0278  0.007923  0.002482
     14/99    0.847G    0.0319   0.01127  0.005004   0.04818        11       640    0.8137    0.8939    0.8606    0.5407   0.02746  0.007826  0.002202
     15/99    0.847G   0.03188   0.01138  0.004777   0.04804        15       640    0.8245    0.8869    0.8615    0.5392   0.02714  0.007867  0.002201
     16/99    0.847G   0.03164   0.01116  0.004862   0.04766         3       640    0.8407    0.8774     0.866    0.5509    0.0271  0.007746  0.002238
     17/99    0.847G   0.03094   0.01125  0.004773   0.04697         5       640    0.8334    0.8784    0.8675    0.5587   0.02688  0.007758  0.002231
     18/99    0.847G   0.03074   0.01084   0.00444   0.04602         3       640    0.8276    0.8733    0.8591    0.5528   0.02682  0.007707  0.002318
     19/99    0.847G   0.03106   0.01126  0.004549   0.04687         6       640    0.8394    0.8599    0.8629    0.5586     0.027  0.007786  0.002141
     20/99    0.847G   0.03074   0.01135  0.004362   0.04646        10       640    0.8256    0.8676    0.8667    0.5548   0.02721  0.007973  0.002384
     21/99    0.847G   0.03037   0.01101  0.004344   0.04572         6       640    0.8369    0.8604     0.864    0.5659   0.02616  0.007852  0.001997
     22/99    0.847G   0.02962     0.011  0.004135   0.04476         8       640    0.8406    0.8453     0.865    0.5602   0.02623  0.007794  0.002089
     23/99    0.847G   0.03041   0.01085  0.004079   0.04533         5       640    0.8146    0.8926    0.8638    0.5625   0.02665  0.007621  0.002002
     24/99    0.847G   0.02894   0.01071  0.004027   0.04368         7       640     0.813    0.8773    0.8571    0.5544   0.02639  0.007726  0.002196
     25/99    0.847G   0.02939   0.01098  0.004058   0.04443         9       640    0.8371    0.8684    0.8715    0.5629   0.02663  0.007681  0.002043
     26/99    0.847G   0.02909   0.01085  0.003948   0.04389         2       640    0.8458    0.8732    0.8708    0.5677    0.0266  0.007601  0.001874
     27/99    0.847G   0.02917   0.01114  0.003943   0.04425        17       640    0.8197    0.9021    0.8853    0.5877   0.02578  0.007608  0.001996
     28/99    0.847G   0.02924   0.01107  0.003836   0.04415         7       640    0.8554    0.8712    0.8749    0.5665   0.02613  0.007558  0.001842
     29/99    0.847G   0.02866   0.01063  0.003882   0.04318         2       640    0.8357    0.8807    0.8758    0.5728   0.02607  0.007633  0.001813
     30/99    0.847G   0.02869    0.0108   0.00351     0.043         9       640    0.8214    0.8833    0.8768    0.5604   0.02646  0.007592  0.001724
     31/99    0.847G   0.02886   0.01061  0.004065   0.04354         3       640    0.8427    0.8925    0.8871    0.5805    0.0255  0.007546  0.001772
     32/99    0.847G    0.0284   0.01051  0.003739   0.04265         3       640    0.8463    0.8841    0.8758    0.5744   0.02629  0.007479  0.001925
     33/99    0.847G   0.02849   0.01081  0.003567   0.04288        10       640    0.8486    0.8762    0.8817    0.5769   0.02598  0.007586  0.001702
     34/99    0.847G     0.028   0.01049   0.00353   0.04202         4       640    0.8304    0.8966     0.878     0.572   0.02559  0.007607   0.00182
     35/99    0.847G   0.02743   0.01039  0.003496   0.04131         2       640    0.8312     0.888    0.8655    0.5745   0.02574  0.007499   0.00182
     36/99    0.847G   0.02808   0.01044  0.003472   0.04199         9       640    0.8365    0.8611    0.8677    0.5814   0.02543   0.00751  0.002745
     37/99    0.847G   0.02771   0.01042  0.003593   0.04172         3       640     0.867    0.8816    0.8874    0.5755   0.02528  0.007507  0.001698
     38/99    0.847G   0.02747   0.01035  0.003265   0.04109         6       640    0.8491    0.8854    0.8876    0.5935    0.0248  0.007474  0.001607
     39/99    0.847G    0.0277   0.01057  0.003259   0.04153         3       640    0.8399    0.8958    0.8855     0.588   0.02488  0.007517  0.001712
     40/99    0.847G   0.02703   0.01012  0.003317   0.04046         9       640    0.8623    0.8638    0.8884    0.5923   0.02522   0.00747  0.001591
     41/99    0.847G   0.02736   0.01042  0.003346   0.04113         3       640    0.8441     0.877     0.883    0.5808   0.02525  0.007465  0.001896
     42/99    0.847G   0.02734   0.01033   0.00347   0.04114         9       640    0.8321     0.903    0.8848    0.5906   0.02498  0.007397  0.001527
     43/99    0.847G   0.02742   0.01048   0.00334   0.04124         5       640    0.8905     0.859    0.8958    0.5916    0.0249  0.007421  0.001593
     44/99    0.847G   0.02722    0.0102  0.003164   0.04059         7       640    0.8758    0.8677    0.8904     0.588   0.02505  0.007527  0.001669
     45/99    0.847G   0.02671   0.01024  0.003115   0.04006         7       640    0.8676    0.8891    0.9014    0.6003   0.02474  0.007372  0.001503
     46/99    0.847G   0.02675  0.009942  0.003232   0.03993         4       640    0.8765     0.876    0.8985    0.5903   0.02508  0.007368  0.001503
     47/99    0.847G   0.02634   0.01022  0.003094   0.03965         9       640    0.8615    0.8895    0.8925    0.5977   0.02462  0.007323   0.00156
     48/99    0.847G    0.0261   0.01003  0.003155   0.03929        10       640    0.8858    0.8676    0.9011    0.6022    0.0245  0.007298  0.001609
     49/99    0.847G   0.02614   0.01055  0.003016   0.03971         8       640    0.8639    0.8842    0.8962    0.6033   0.02448  0.007367  0.001529
     50/99    0.847G   0.02594   0.01008  0.002946   0.03896        11       640    0.8457    0.8972    0.8947    0.5944   0.02462   0.00731  0.001539
     51/99    0.847G   0.02614   0.01023  0.003302   0.03967         8       640    0.8608    0.9052    0.8982    0.6089    0.0242   0.00728  0.001428
     52/99    0.847G    0.0261   0.01008   0.00287   0.03905        10       640    0.8629    0.8923    0.9008     0.598   0.02431  0.007314  0.001464
     53/99    0.847G   0.02542   0.01026  0.002722    0.0384         7       640    0.8451    0.8993     0.898    0.6038   0.02433   0.00732  0.001625
     54/99    0.847G   0.02545   0.01005   0.00281   0.03831         9       640    0.8674    0.8974    0.9019    0.6065   0.02402  0.007367   0.00146
     55/99    0.847G    0.0255   0.01023  0.002931   0.03866         8       640    0.8824    0.8746    0.8986    0.6002    0.0243  0.007366  0.001562
     56/99    0.847G   0.02552  0.009872  0.002756   0.03815         3       640    0.8597      0.88    0.8979    0.6008   0.02416  0.007288  0.001515
     57/99    0.847G   0.02615   0.01009  0.002821   0.03906         6       640    0.8877    0.8758    0.8984    0.6008   0.02435  0.007397  0.001456
     58/99    0.847G   0.02547   0.01003  0.002702    0.0382         5       640    0.8589    0.8966    0.9022    0.6009   0.02414  0.007312    0.0015
     59/99    0.847G   0.02517  0.009791  0.002809   0.03777        13       640    0.8815    0.8841    0.9028    0.6092   0.02408  0.007276  0.001403
     60/99    0.847G   0.02615   0.01011  0.002511   0.03877         8       640    0.8624    0.9021    0.9057    0.6128   0.02402  0.007238    0.0014
     61/99    0.847G   0.02499  0.009879  0.002671   0.03754         7       640    0.8731    0.8911    0.9037    0.6058   0.02401  0.007253  0.001419
     62/99    0.847G   0.02561  0.009912  0.002565   0.03809         3       640    0.8746    0.8906    0.9037    0.6079   0.02417  0.007213  0.001387
     63/99    0.847G   0.02543  0.009811  0.002762     0.038         7       640    0.8613    0.9005    0.9034    0.6072   0.02376  0.007266  0.001495
     64/99    0.847G   0.02565   0.01007  0.002687   0.03841         5       640    0.8699    0.8971    0.9057    0.6089     0.024  0.007263  0.001338
     65/99    0.847G   0.02497  0.009832  0.002685   0.03749         4       640    0.8731    0.8928    0.9091    0.6149   0.02379  0.007111  0.001412
     66/99    0.847G     0.025  0.009894   0.00248   0.03738         3       640    0.8737     0.898    0.9122    0.6146   0.02398  0.007179  0.001374
     67/99    0.847G    0.0247  0.009977  0.002627    0.0373         7       640    0.8804    0.8938    0.9097    0.6111   0.02383  0.007172  0.001352
     68/99    0.847G   0.02465  0.009802  0.002573   0.03702         4       640    0.8879    0.8899    0.9072    0.6096   0.02375  0.007166  0.001325
     69/99    0.847G   0.02447  0.009792  0.002528   0.03679         2       640    0.8783    0.8886     0.903    0.6134    0.0238  0.007162  0.001379
     70/99    0.847G   0.02502  0.009794  0.002467   0.03729         5       640    0.8742    0.8899     0.902    0.6056    0.0239  0.007204   0.00143
     71/99    0.847G   0.02507  0.009749  0.002566   0.03738         1       640    0.8695    0.8871    0.9014    0.6077   0.02375  0.007147  0.001494
     72/99    0.847G   0.02454  0.009516  0.002459   0.03651         6       640    0.8817    0.8874    0.9063     0.617   0.02383  0.007145  0.001372
     73/99    0.847G   0.02487  0.009983   0.00247   0.03732        10       640    0.8775     0.886    0.9091    0.6131   0.02367  0.007157  0.001322
     74/99    0.847G   0.02437  0.009826  0.002107   0.03631         4       640    0.8824    0.8874      0.91    0.6185   0.02372  0.007075  0.001329
     75/99    0.847G   0.02417  0.009783  0.002383   0.03633        12       640    0.8632    0.9041    0.9069    0.6134   0.02396  0.007152  0.001395
     76/99    0.847G   0.02471  0.009598  0.002357   0.03666         5       640    0.8707    0.8934    0.9086    0.6161   0.02356  0.007078  0.001316
     77/99    0.847G   0.02377  0.009532  0.002318   0.03562         4       640    0.8705    0.9004    0.9121    0.6207   0.02356  0.007129   0.00132
     78/99    0.847G   0.02402   0.00968  0.002165   0.03587         9       640    0.8764    0.8992    0.9129    0.6162   0.02356  0.007166  0.001342
